0.000000000000000000e+00,3.795117139816284180e+00,6.390543460845947266e+00,9.959122657775878906e+00,1.304433536529541016e+01,1.549865436553955078e+01,1.524263668060302734e+01,1.510794067382812500e+01,1.171402359008789062e+01,1.276073360443115234e+01,1.128037548065185547e+01,1.339416313171386719e+01,1.516204261779785156e+01,1.797502708435058594e+01,2.079835128784179688e+01,2.451394653320312500e+01,2.412918472290039062e+01,2.291676330566406250e+01,1.997020339965820312e+01,1.912726974487304688e+01,1.680427551269531250e+01,1.606848144531250000e+01,1.507804965972900391e+01,1.282955074310302734e+01,1.579192161560058594e+01,1.620722198486328125e+01,1.981268119812011719e+01,2.055230140686035156e+01,2.176852798461914062e+01,2.210938072204589844e+01,2.056759643554687500e+01,2.284447288513183594e+01,2.297065162658691406e+01,2.555878639221191406e+01,2.858955383300781250e+01,2.778461647033691406e+01,2.961133384704589844e+01,2.866097450256347656e+01,3.096377944946289062e+01,3.255280685424804688e+01,3.405112838745117188e+01,3.289944076538085938e+01,3.427521514892578125e+01,3.512299346923828125e+01,3.320143127441406250e+01,3.334879302978515625e+01,3.045088768005371094e+01,3.077126312255859375e+01,2.881315803527832031e+01,2.975771522521972656e+01,3.275526428222656250e+01,3.411010742187500000e+01,3.331312179565429688e+01,3.270581054687500000e+01,3.371963119506835938e+01,3.103951072692871094e+01,3.122373771667480469e+01,2.945874404907226562e+01,2.803843498229980469e+01,2.731144142150878906e+01,2.550038528442382812e+01,2.368599510192871094e+01,2.108040237426757812e+01,1.804719924926757812e+01,1.499524593353271484e+01,1.205942916870117188e+01,9.445819854736328125e+00,1.080547618865966797e+01,1.117373180389404297e+01,1.488224220275878906e+01,1.654568862915039062e+01,2.024831199645996094e+01,2.175543975830078125e+01,2.385887527465820312e+01,2.341700744628906250e+01,2.582586288452148438e+01,2.718634796142578125e+01,2.918763732910156250e+01,2.985303497314453125e+01,2.666579055786132812e+01,2.609812355041503906e+01,2.235860252380371094e+01,2.033142852783203125e+01,1.854102706909179688e+01,1.625418663024902344e+01,1.767197036743164062e+01,1.712303352355957031e+01,1.897060585021972656e+01,1.614319038391113281e+01,1.323792839050292969e+01,1.461684417724609375e+01,1.464692401885986328e+01,1.098569869995117188e+01,1.067330360412597656e+01,9.413811683654785156e+00,1.069330120086669922e+01,1.206849479675292969e+01,1.257169342041015625e+01,1.289096069335937500e+01
3.795117139816284180e+00,0.000000000000000000e+00,3.806369066238403320e+00,6.722435951232910156e+00,1.008245086669921875e+01,1.266197204589843750e+01,1.313275051116943359e+01,1.346493339538574219e+01,1.046671295166015625e+01,1.257438850402832031e+01,1.221983909606933594e+01,1.509992885589599609e+01,1.708304595947265625e+01,2.029014587402343750e+01,2.291482734680175781e+01,2.671343994140625000e+01,2.663403892517089844e+01,2.509012985229492188e+01,2.200969505310058594e+01,2.057126998901367188e+01,1.772740364074707031e+01,1.649518966674804688e+01,1.467982387542724609e+01,1.227193832397460938e+01,1.468633460998535156e+01,1.468300533294677734e+01,1.813671112060546875e+01,1.953556442260742188e+01,2.107895660400390625e+01,2.197384834289550781e+01,2.082348632812500000e+01,2.303645515441894531e+01,2.352266883850097656e+01,2.602478981018066406e+01,2.933929443359375000e+01,2.901018905639648438e+01,3.119307708740234375e+01,3.039111137390136719e+01,3.295466995239257812e+01,3.442904281616210938e+01,3.560922241210937500e+01,3.408969497680664062e+01,3.510232925415039062e+01,3.559329223632812500e+01,3.333937454223632812e+01,3.307580947875976562e+01,2.990727996826171875e+01,2.976892089843750000e+01,2.752100181579589844e+01,2.806878852844238281e+01,3.120915985107421875e+01,3.284923553466796875e+01,3.244326400756835938e+01,3.224348068237304688e+01,3.364480590820312500e+01,3.128946876525878906e+01,3.189858436584472656e+01,3.023973655700683594e+01,2.926835823059082031e+01,2.867049407958984375e+01,2.724780082702636719e+01,2.557053756713867188e+01,2.336141967773437500e+01,2.021081352233886719e+01,1.752758216857910156e+01,1.418202400207519531e+01,1.195377254486083984e+01,1.400610637664794922e+01,1.409068584442138672e+01,1.762149429321289062e+01,1.869713973999023438e+01,2.221863555908203125e+01,2.317985534667968750e+01,2.490448951721191406e+01,2.437618446350097656e+01,2.639793014526367188e+01,2.784571647644042969e+01,2.949763488769531250e+01,2.980861091613769531e+01,2.636640548706054688e+01,2.556541824340820312e+01,2.199681091308593750e+01,2.048707199096679688e+01,1.837687683105468750e+01,1.643624114990234375e+01,1.742666625976562500e+01,1.676523208618164062e+01,1.926166534423828125e+01,1.698058891296386719e+01,1.359498882293701172e+01,1.503172397613525391e+01,1.598563098907470703e+01,1.268999862670898438e+01,1.161508846282958984e+01,9.369690895080566406e+00,9.334859848022460938e+00,9.572559356689453125e+00,9.614716529846191406e+00,9.562470436096191406e+00
6.390543460845947266e+00,3.806369066238403320e+00,0.000000000000000000e+00,3.824781417846679688e+00,6.658323287963867188e+00,9.282361984252929688e+00,9.396595954895019531e+00,9.706498146057128906e+00,6.979491233825683594e+00,9.544649124145507812e+00,1.013692855834960938e+01,1.351771545410156250e+01,1.583806896209716797e+01,1.937255477905273438e+01,2.191879272460937500e+01,2.571754264831542969e+01,2.577472305297851562e+01,2.377085113525390625e+01,2.052745246887207031e+01,1.856881523132324219e+01,1.533510017395019531e+01,1.397671222686767578e+01,1.180096435546875000e+01,9.919922828674316406e+00,1.230949211120605469e+01,1.288344478607177734e+01,1.596562671661376953e+01,1.752580451965332031e+01,1.964914321899414062e+01,2.047110939025878906e+01,1.914883613586425781e+01,2.090017127990722656e+01,2.128070068359375000e+01,2.346921730041503906e+01,2.693828201293945312e+01,2.693627929687500000e+01,2.945517349243164062e+01,2.901627922058105469e+01,3.189940834045410156e+01,3.350798416137695312e+01,3.455771255493164062e+01,3.281604385375976562e+01,3.370130538940429688e+01,3.385229110717773438e+01,3.152686119079589844e+01,3.097095680236816406e+01,2.770228385925292969e+01,2.733400535583496094e+01,2.481760406494140625e+01,2.511501121520996094e+01,2.811105537414550781e+01,2.996739387512207031e+01,2.976023483276367188e+01,2.961652946472167969e+01,3.127320480346679688e+01,2.914050102233886719e+01,3.008700370788574219e+01,2.879789924621582031e+01,2.815159416198730469e+01,2.801032638549804688e+01,2.702154159545898438e+01,2.509296607971191406e+01,2.319404220581054688e+01,1.976556777954101562e+01,1.734916114807128906e+01,1.370431327819824219e+01,1.165742969512939453e+01,1.455068302154541016e+01,1.494128131866455078e+01,1.826448059082031250e+01,1.906948280334472656e+01,2.236865234375000000e+01,2.290501594543457031e+01,2.410124397277832031e+01,2.308169174194335938e+01,2.465787696838378906e+01,2.581065177917480469e+01,2.707873153686523438e+01,2.701749992370605469e+01,2.349160575866699219e+01,2.236091613769531250e+01,1.889863204956054688e+01,1.783147239685058594e+01,1.589203453063964844e+01,1.461302185058593750e+01,1.587640666961669922e+01,1.589706897735595703e+01,1.872541618347167969e+01,1.659528350830078125e+01,1.331966400146484375e+01,1.553495311737060547e+01,1.678108024597167969e+01,1.371670246124267578e+01,1.317200374603271484e+01,1.015939140319824219e+01,1.013646697998046875e+01,9.515973091125488281e+00,1.032365512847900391e+01,1.057250022888183594e+01
9.959122657775878906e+00,6.722435951232910156e+00,3.824781417846679688e+00,0.000000000000000000e+00,3.783695459365844727e+00,6.088985919952392578e+00,7.496732711791992188e+00,8.893877029418945312e+00,7.589192867279052734e+00,1.089283752441406250e+01,1.258255672454833984e+01,1.618409729003906250e+01,1.868335723876953125e+01,2.235619544982910156e+01,2.476815414428710938e+01,2.852350234985351562e+01,2.871136856079101562e+01,2.641336631774902344e+01,2.308442687988281250e+01,2.072694587707519531e+01,1.718701744079589844e+01,1.565963363647460938e+01,1.292172718048095703e+01,1.145676708221435547e+01,1.303406906127929688e+01,1.336742877960205078e+01,1.586960029602050781e+01,1.809828567504882812e+01,2.062517929077148438e+01,2.185735511779785156e+01,2.083243751525878906e+01,2.228039550781250000e+01,2.283617019653320312e+01,2.471768379211425781e+01,2.835541915893554688e+01,2.878707122802734375e+01,3.160765266418457031e+01,3.142236709594726562e+01,3.451681900024414062e+01,3.610274887084960938e+01,3.692373657226562500e+01,3.490983581542968750e+01,3.550146484375000000e+01,3.527686691284179688e+01,3.271553802490234375e+01,3.172674751281738281e+01,2.825622940063476562e+01,2.737690353393554688e+01,2.450690841674804688e+01,2.423314666748046875e+01,2.723210716247558594e+01,2.947668647766113281e+01,2.975396728515625000e+01,3.000014495849609375e+01,3.206476211547851562e+01,3.032198333740234375e+01,3.169117546081542969e+01,3.063760757446289062e+01,3.039985847473144531e+01,3.047146606445312500e+01,2.983063125610351562e+01,2.794939231872558594e+01,2.634675216674804688e+01,2.286988258361816406e+01,2.070475769042968750e+01,1.697799110412597656e+01,1.512480640411376953e+01,1.822841262817382812e+01,1.862640953063964844e+01,2.182252120971679688e+01,2.234612846374511719e+01,2.545416069030761719e+01,2.560139274597167969e+01,2.641383171081542969e+01,2.522433853149414062e+01,2.634492301940917969e+01,2.740046882629394531e+01,2.821554946899414062e+01,2.769001770019531250e+01,2.401719093322753906e+01,2.249794387817382812e+01,1.938393974304199219e+01,1.904302024841308594e+01,1.709157371520996094e+01,1.644812202453613281e+01,1.739903640747070312e+01,1.752289772033691406e+01,2.076861572265625000e+01,1.913513565063476562e+01,1.577519416809082031e+01,1.799058151245117188e+01,1.975973701477050781e+01,1.700975799560546875e+01,1.613254928588867188e+01,1.279350948333740234e+01,1.183033943176269531e+01,9.941574096679687500e+00,1.019715499877929688e+01,9.802300453186035156e+00
1.304433536529541016e+01,1.008245086669921875e+01,6.658323287963867188e+00,3.783695459365844727e+00,0.000000000000000000e+00,3.804366588592529297e+00,5.108694553375244141e+00,6.322842121124267578e+00,6.421226501464843750e+00,1.003746223449707031e+01,1.269992065429687500e+01,1.642574501037597656e+01,1.880974960327148438e+01,2.257713508605957031e+01,2.465328216552734375e+01,2.829129409790039062e+01,2.877562522888183594e+01,2.619431686401367188e+01,2.294598770141601562e+01,2.010843276977539062e+01,1.638883781433105469e+01,1.452641582489013672e+01,1.135456562042236328e+01,1.050560760498046875e+01,1.134924316406250000e+01,1.198768520355224609e+01,1.373514842987060547e+01,1.620577239990234375e+01,1.918541145324707031e+01,2.048128128051757812e+01,1.956194686889648438e+01,2.056500053405761719e+01,2.123530578613281250e+01,2.281352806091308594e+01,2.655356979370117188e+01,2.743482208251953125e+01,3.053097724914550781e+01,3.059683799743652344e+01,3.391347122192382812e+01,3.545942306518554688e+01,3.601888275146484375e+01,3.373922729492187500e+01,3.407128524780273438e+01,3.347393035888671875e+01,3.078733062744140625e+01,2.945342636108398438e+01,2.589717864990234375e+01,2.469396018981933594e+01,2.158479118347167969e+01,2.097554397583007812e+01,2.386683654785156250e+01,2.632390213012695312e+01,2.688214683532714844e+01,2.733414268493652344e+01,2.968776130676269531e+01,2.828513717651367188e+01,3.002909088134765625e+01,2.929345703125000000e+01,2.947725105285644531e+01,2.990144538879394531e+01,2.972993469238281250e+01,2.781696510314941406e+01,2.665182304382324219e+01,2.313862228393554688e+01,2.144395637512207031e+01,1.768335533142089844e+01,1.636761283874511719e+01,1.984105491638183594e+01,2.016592407226562500e+01,2.299939155578613281e+01,2.310097122192382812e+01,2.585245513916015625e+01,2.550507736206054688e+01,2.577352905273437500e+01,2.427419853210449219e+01,2.487008285522460938e+01,2.574754333496093750e+01,2.612355995178222656e+01,2.522044372558593750e+01,2.148625373840332031e+01,1.973405075073242188e+01,1.696256637573242188e+01,1.724101638793945312e+01,1.535254669189453125e+01,1.544756126403808594e+01,1.629377937316894531e+01,1.691965866088867188e+01,2.036919593811035156e+01,1.914930534362792969e+01,1.604671669006347656e+01,1.862211418151855469e+01,2.068939590454101562e+01,1.837504386901855469e+01,1.775141716003417969e+01,1.410492038726806641e+01,1.310180282592773438e+01,1.072974014282226562e+01,1.168834114074707031e+01,1.188467121124267578e+01
1.549865436553955078e+01,1.266197204589843750e+01,9.282361984252929688e+00,6.088985919952392578e+00,3.804366588592529297e+00,0.000000000000000000e+00,3.793189764022827148e+00,6.973007202148437500e+00,8.543365478515625000e+00,1.151511001586914062e+01,1.449202156066894531e+01,1.800690269470214844e+01,2.081489562988281250e+01,2.454779243469238281e+01,2.679859352111816406e+01,3.032803726196289062e+01,3.055913543701171875e+01,2.768802642822265625e+01,2.426549720764160156e+01,2.138250923156738281e+01,1.760462188720703125e+01,1.630961227416992188e+01,1.343939495086669922e+01,1.346903800964355469e+01,1.436494159698486328e+01,1.538163089752197266e+01,1.664489555358886719e+01,1.912757110595703125e+01,2.236691665649414062e+01,2.350076866149902344e+01,2.236393165588378906e+01,2.287785530090332031e+01,2.317117881774902344e+01,2.421923637390136719e+01,2.791488265991210938e+01,2.890081024169921875e+01,3.215754318237304688e+01,3.262393188476562500e+01,3.607761764526367188e+01,3.786443328857421875e+01,3.850878143310546875e+01,3.624177551269531250e+01,3.661467742919921875e+01,3.581790542602539062e+01,3.320468139648437500e+01,3.167446708679199219e+01,2.814236640930175781e+01,2.672354507446289062e+01,2.337003135681152344e+01,2.230023765563964844e+01,2.483255004882812500e+01,2.763381385803222656e+01,2.849930381774902344e+01,2.896938133239746094e+01,3.152529716491699219e+01,3.033430290222167969e+01,3.226628112792968750e+01,3.188429641723632812e+01,3.215339660644531250e+01,3.287253570556640625e+01,3.280140686035156250e+01,3.065201950073242188e+01,2.944609451293945312e+01,2.581020164489746094e+01,2.399703025817871094e+01,2.031088829040527344e+01,1.866748237609863281e+01,2.219536209106445312e+01,2.300917434692382812e+01,2.591999053955078125e+01,2.626363372802734375e+01,2.902143478393554688e+01,2.871209144592285156e+01,2.881796836853027344e+01,2.699995231628417969e+01,2.733705520629882812e+01,2.779606056213378906e+01,2.780668449401855469e+01,2.647269439697265625e+01,2.284370803833007812e+01,2.052935218811035156e+01,1.807080078125000000e+01,1.891717720031738281e+01,1.762541961669921875e+01,1.829178047180175781e+01,1.945910644531250000e+01,2.043941497802734375e+01,2.384314155578613281e+01,2.254474449157714844e+01,1.961265754699707031e+01,2.233638763427734375e+01,2.425695610046386719e+01,2.180512046813964844e+01,2.136379432678222656e+01,1.778075981140136719e+01,1.684699630737304688e+01,1.439319801330566406e+01,1.492805480957031250e+01,1.446433258056640625e+01
1.524263668060302734e+01,1.313275051116943359e+01,9.396595954895019531e+00,7.496732711791992188e+00,5.108694553375244141e+00,3.793189764022827148e+00,0.000000000000000000e+00,3.822675228118896484e+00,6.172167301177978516e+00,8.368779182434082031e+00,1.164467144012451172e+01,1.496541404724121094e+01,1.783866882324218750e+01,2.151149368286132812e+01,2.373539733886718750e+01,2.714458084106445312e+01,2.731612968444824219e+01,2.428411102294921875e+01,2.086496162414550781e+01,1.788490676879882812e+01,1.411367988586425781e+01,1.310418987274169922e+01,1.060533142089843750e+01,1.149186229705810547e+01,1.281309509277343750e+01,1.472101020812988281e+01,1.589994525909423828e+01,1.776999855041503906e+01,2.114407157897949219e+01,2.170798873901367188e+01,2.009217262268066406e+01,2.022166442871093750e+01,2.008873748779296875e+01,2.089146041870117188e+01,2.451470947265625000e+01,2.542507743835449219e+01,2.871408081054687500e+01,2.939074897766113281e+01,3.291119766235351562e+01,3.487662887573242188e+01,3.564183425903320312e+01,3.348328399658203125e+01,3.404624938964843750e+01,3.327545547485351562e+01,3.090096473693847656e+01,2.951626777648925781e+01,2.615702056884765625e+01,2.503284645080566406e+01,2.176301193237304688e+01,2.098454856872558594e+01,2.323467254638671875e+01,2.588292694091796875e+01,2.646248054504394531e+01,2.653711700439453125e+01,2.894015502929687500e+01,2.762688636779785156e+01,2.948001670837402344e+01,2.932852935791015625e+01,2.951610183715820312e+01,3.051366806030273438e+01,3.052159500122070312e+01,2.810680580139160156e+01,2.693686294555664062e+01,2.323276138305664062e+01,2.152388191223144531e+01,1.797770309448242188e+01,1.646024131774902344e+01,2.014359092712402344e+01,2.123168945312500000e+01,2.392549705505371094e+01,2.433782577514648438e+01,2.695863342285156250e+01,2.666544914245605469e+01,2.661042022705078125e+01,2.445846939086914062e+01,2.470797538757324219e+01,2.481999588012695312e+01,2.478281211853027344e+01,2.342570495605468750e+01,1.992484474182128906e+01,1.747068977355957031e+01,1.487271976470947266e+01,1.573999977111816406e+01,1.496340656280517578e+01,1.601487350463867188e+01,1.775325393676757812e+01,1.933829116821289062e+01,2.245456504821777344e+01,2.090600585937500000e+01,1.841480827331542969e+01,2.156603240966796875e+01,2.311407661437988281e+01,2.068587303161621094e+01,2.090189170837402344e+01,1.740381050109863281e+01,1.724585533142089844e+01,1.538319778442382812e+01,1.667839622497558594e+01,1.681938743591308594e+01
1.510794067382812500e+01,1.346493339538574219e+01,9.706498146057128906e+00,8.893877029418945312e+00,6.322842121124267578e+00,6.973007202148437500e+00,3.822675228118896484e+00,0.000000000000000000e+00,3.803124904632568359e+00,5.641593456268310547e+00,9.322179794311523438e+00,1.264446353912353516e+01,1.503835487365722656e+01,1.870804977416992188e+01,2.057302665710449219e+01,2.392829322814941406e+01,2.443110466003417969e+01,2.142893028259277344e+01,1.824068450927734375e+01,1.499769687652587891e+01,1.121980094909667969e+01,9.648870468139648438e+00,6.924573898315429688e+00,8.307237625122070312e+00,9.564975738525390625e+00,1.207656574249267578e+01,1.310512256622314453e+01,1.447702980041503906e+01,1.789024543762207031e+01,1.814958190917968750e+01,1.639494705200195312e+01,1.640314865112304688e+01,1.632907867431640625e+01,1.727194404602050781e+01,2.095429229736328125e+01,2.195594596862792969e+01,2.526765060424804688e+01,2.585573577880859375e+01,2.940894317626953125e+01,3.126570510864257812e+01,3.191623687744140625e+01,2.969521522521972656e+01,3.023052215576171875e+01,2.946801757812500000e+01,2.714028167724609375e+01,2.585742568969726562e+01,2.257238197326660156e+01,2.168835830688476562e+01,1.858835601806640625e+01,1.823841285705566406e+01,2.049574661254882812e+01,2.284310531616210938e+01,2.310459899902343750e+01,2.298389625549316406e+01,2.525074577331542969e+01,2.383830642700195312e+01,2.566099929809570312e+01,2.552642822265625000e+01,2.578502273559570312e+01,2.689162445068359375e+01,2.708332633972167969e+01,2.467918586730957031e+01,2.377511787414550781e+01,2.013678169250488281e+01,1.884090805053710938e+01,1.537279510498046875e+01,1.451978874206542969e+01,1.832562637329101562e+01,1.912947654724121094e+01,2.141946220397949219e+01,2.149297714233398438e+01,2.383235359191894531e+01,2.330292701721191406e+01,2.301944160461425781e+01,2.075182723999023438e+01,2.089818763732910156e+01,2.102631568908691406e+01,2.105056381225585938e+01,1.985921287536621094e+01,1.631250190734863281e+01,1.413282775878906250e+01,1.129605102539062500e+01,1.200671005249023438e+01,1.116291522979736328e+01,1.246105384826660156e+01,1.434827899932861328e+01,1.634299468994140625e+01,1.928126335144042969e+01,1.781396865844726562e+01,1.570572566986083984e+01,1.910926246643066406e+01,2.058368492126464844e+01,1.850350189208984375e+01,1.911563110351562500e+01,1.565815162658691406e+01,1.598804855346679688e+01,1.456268215179443359e+01,1.666424179077148438e+01,1.762999916076660156e+01
1.171402359008789062e+01,1.046671295166015625e+01,6.979491233825683594e+00,7.589192867279052734e+00,6.421226501464843750e+00,8.543365478515625000e+00,6.172167301177978516e+00,3.803124904632568359e+00,0.000000000000000000e+00,3.780899524688720703e+00,6.618165016174316406e+00,1.031323051452636719e+01,1.255652618408203125e+01,1.632405853271484375e+01,1.836948204040527344e+01,2.196011543273925781e+01,2.242308044433593750e+01,1.979464721679687500e+01,1.661907958984375000e+01,1.374214458465576172e+01,1.007793426513671875e+01,8.242588996887207031e+00,5.576416492462158203e+00,5.660035610198974609e+00,8.064247131347656250e+00,1.046280002593994141e+01,1.249187469482421875e+01,1.350662517547607422e+01,1.643726158142089844e+01,1.660529518127441406e+01,1.474512863159179688e+01,1.548656272888183594e+01,1.553559589385986328e+01,1.719288825988769531e+01,2.080966567993164062e+01,2.131484222412109375e+01,2.429232788085937500e+01,2.440369987487792969e+01,2.772834205627441406e+01,2.949593353271484375e+01,3.032333183288574219e+01,2.830752372741699219e+01,2.906634712219238281e+01,2.875195693969726562e+01,2.650640487670898438e+01,2.567364692687988281e+01,2.246524810791015625e+01,2.205722045898437500e+01,1.936181449890136719e+01,1.965276336669921875e+01,2.220850563049316406e+01,2.410447502136230469e+01,2.388235092163085938e+01,2.352609252929687500e+01,2.536829948425292969e+01,2.348329734802246094e+01,2.483812141418457031e+01,2.421506118774414062e+01,2.404540061950683594e+01,2.473413276672363281e+01,2.451106262207031250e+01,2.218486213684082031e+01,2.096047019958496094e+01,1.731343078613281250e+01,1.573624324798583984e+01,1.210071659088134766e+01,1.115378093719482422e+01,1.491299724578857422e+01,1.551271724700927734e+01,1.797502708435058594e+01,1.818902587890625000e+01,2.080456733703613281e+01,2.061437988281250000e+01,2.083030891418457031e+01,1.892502403259277344e+01,1.971632385253906250e+01,2.026673316955566406e+01,2.096978569030761719e+01,2.046315574645996094e+01,1.693773078918457031e+01,1.547814655303955078e+01,1.208292484283447266e+01,1.157353496551513672e+01,1.016543102264404297e+01,1.032285594940185547e+01,1.235162734985351562e+01,1.395933055877685547e+01,1.674881935119628906e+01,1.486701869964599609e+01,1.254307746887207031e+01,1.590897846221923828e+01,1.715217781066894531e+01,1.483870124816894531e+01,1.552116012573242188e+01,1.220122814178466797e+01,1.298417377471923828e+01,1.222789192199707031e+01,1.454552936553955078e+01,1.581020164489746094e+01
1.276073360443115234e+01,1.257438850402832031e+01,9.544649124145507812e+00,1.089283752441406250e+01,1.003746223449707031e+01,1.151511001586914062e+01,8.368779182434082031e+00,5.641593456268310547e+00,3.780899524688720703e+00,0.000000000000000000e+00,3.787751913070678711e+00,7.031439781188964844e+00,9.512517929077148438e+00,1.319876289367675781e+01,1.538797855377197266e+01,1.885915184020996094e+01,1.908660316467285156e+01,1.625873184204101562e+01,1.298941802978515625e+01,1.008832263946533203e+01,6.388710021972656250e+00,5.370171070098876953e+00,4.458930492401123047e+00,6.265676021575927734e+00,9.295251846313476562e+00,1.245983505249023438e+01,1.428733062744140625e+01,1.436867809295654297e+01,1.714470863342285156e+01,1.645137786865234375e+01,1.384239387512207031e+01,1.407708263397216797e+01,1.328756427764892578e+01,1.466818809509277344e+01,1.807663154602050781e+01,1.822711372375488281e+01,2.114533996582031250e+01,2.150373458862304688e+01,2.486546516418457031e+01,2.694890403747558594e+01,2.806695747375488281e+01,2.632268905639648438e+01,2.745562553405761719e+01,2.730103874206542969e+01,2.547270393371582031e+01,2.495999908447265625e+01,2.209978103637695312e+01,2.217673683166503906e+01,1.975604248046875000e+01,2.043057060241699219e+01,2.254929351806640625e+01,2.416120719909667969e+01,2.352993965148925781e+01,2.259108352661132812e+01,2.408318710327148438e+01,2.193540382385253906e+01,2.301250076293945312e+01,2.264363098144531250e+01,2.218776893615722656e+01,2.318988800048828125e+01,2.292263984680175781e+01,2.017821884155273438e+01,1.883705711364746094e+01,1.508484268188476562e+01,1.349993419647216797e+01,1.021885108947753906e+01,9.350282669067382812e+00,1.314520931243896484e+01,1.429303359985351562e+01,1.644259071350097656e+01,1.695542144775390625e+01,1.942773437500000000e+01,1.945983505249023438e+01,1.961034965515136719e+01,1.729350090026855469e+01,1.814165878295898438e+01,1.817705535888671875e+01,1.898818206787109375e+01,1.862659454345703125e+01,1.544760322570800781e+01,1.399450588226318359e+01,1.034731769561767578e+01,9.364279747009277344e+00,9.036455154418945312e+00,9.537326812744140625e+00,1.252065944671630859e+01,1.477978610992431641e+01,1.689056396484375000e+01,1.455439853668212891e+01,1.305085182189941406e+01,1.669815254211425781e+01,1.720807838439941406e+01,1.490529155731201172e+01,1.646595382690429688e+01,1.366619205474853516e+01,1.532158756256103516e+01,1.526465415954589844e+01,1.779657554626464844e+01,1.917729949951171875e+01
1.128037548065185547e+01,1.221983909606933594e+01,1.013692855834960938e+01,1.258255672454833984e+01,1.269992065429687500e+01,1.449202156066894531e+01,1.164467144012451172e+01,9.322179794311523438e+00,6.618165016174316406e+00,3.787751913070678711e+00,0.000000000000000000e+00,3.765454530715942383e+00,6.444978713989257812e+00,1.012160968780517578e+01,1.278304004669189453e+01,1.639916038513183594e+01,1.628969764709472656e+01,1.383750820159912109e+01,1.053746032714843750e+01,8.455551147460937500e+00,5.563041687011718750e+00,5.524585247039794922e+00,6.408048629760742188e+00,7.217496871948242188e+00,1.084609127044677734e+01,1.379196739196777344e+01,1.613548469543457031e+01,1.563178443908691406e+01,1.775619697570800781e+01,1.661623382568359375e+01,1.367480468750000000e+01,1.434050846099853516e+01,1.322408199310302734e+01,1.501313591003417969e+01,1.801894569396972656e+01,1.741027641296386719e+01,1.981576156616210938e+01,1.982400512695312500e+01,2.287790489196777344e+01,2.506728172302246094e+01,2.656790161132812500e+01,2.524917411804199219e+01,2.680923843383789062e+01,2.717340278625488281e+01,2.568185424804687500e+01,2.572645187377929688e+01,2.317041397094726562e+01,2.380913734436035156e+01,2.184988784790039062e+01,2.303515815734863281e+01,2.515357780456542969e+01,2.634589385986328125e+01,2.523860931396484375e+01,2.390592002868652344e+01,2.485168838500976562e+01,2.223212814331054688e+01,2.268501091003417969e+01,2.199344444274902344e+01,2.091669464111328125e+01,2.162612533569335938e+01,2.083498764038085938e+01,1.793603324890136719e+01,1.606424903869628906e+01,1.226704788208007812e+01,1.013768291473388672e+01,6.990952968597412109e+00,5.734847068786621094e+00,9.460599899291992188e+00,1.095871734619140625e+01,1.316922092437744141e+01,1.422918796539306641e+01,1.695627403259277344e+01,1.761398315429687500e+01,1.832509803771972656e+01,1.625057029724121094e+01,1.779215240478515625e+01,1.793571472167968750e+01,1.940713500976562500e+01,1.971006202697753906e+01,1.688937759399414062e+01,1.603765487670898438e+01,1.224447727203369141e+01,1.015846729278564453e+01,9.977135658264160156e+00,9.388290405273437500e+00,1.271641921997070312e+01,1.471120071411132812e+01,1.615834999084472656e+01,1.317564392089843750e+01,1.204596138000488281e+01,1.554159069061279297e+01,1.525831794738769531e+01,1.268648529052734375e+01,1.484003925323486328e+01,1.274244880676269531e+01,1.518530845642089844e+01,1.601676750183105469e+01,1.855337905883789062e+01,2.003982162475585938e+01
1.339416313171386719e+01,1.509992885589599609e+01,1.351771545410156250e+01,1.618409729003906250e+01,1.642574501037597656e+01,1.800690269470214844e+01,1.496541404724121094e+01,1.264446353912353516e+01,1.031323051452636719e+01,7.031439781188964844e+00,3.765454530715942383e+00,0.000000000000000000e+00,3.798625230789184570e+00,6.938692569732666016e+00,1.006660366058349609e+01,1.348326110839843750e+01,1.286476325988769531e+01,1.042539882659912109e+01,7.022017002105712891e+00,5.860352993011474609e+00,4.610017299652099609e+00,6.421841621398925781e+00,8.944594383239746094e+00,1.015080642700195312e+01,1.360417175292968750e+01,1.667452812194824219e+01,1.887325668334960938e+01,1.775032234191894531e+01,1.949965858459472656e+01,1.769620132446289062e+01,1.431313514709472656e+01,1.464895057678222656e+01,1.276346015930175781e+01,1.430772018432617188e+01,1.671319770812988281e+01,1.539603424072265625e+01,1.737504768371582031e+01,1.746992874145507812e+01,2.033628463745117188e+01,2.285757255554199219e+01,2.477795982360839844e+01,2.392366600036621094e+01,2.594730949401855469e+01,2.663225173950195312e+01,2.565222740173339844e+01,2.613669204711914062e+01,2.402875328063964844e+01,2.515773391723632812e+01,2.357527160644531250e+01,2.509652328491210938e+01,2.687829780578613281e+01,2.773211097717285156e+01,2.622933006286621094e+01,2.438677787780761719e+01,2.483948516845703125e+01,2.193212890625000000e+01,2.188642311096191406e+01,2.132342529296875000e+01,1.977536392211914062e+01,2.063735389709472656e+01,1.962218666076660156e+01,1.634778404235839844e+01,1.418002033233642578e+01,1.047930240631103516e+01,8.209116935729980469e+00,6.300401687622070312e+00,5.351241111755371094e+00,8.144225120544433594e+00,1.032940006256103516e+01,1.193931198120117188e+01,1.349752807617187500e+01,1.598618602752685547e+01,1.708164215087890625e+01,1.790688896179199219e+01,1.567503356933593750e+01,1.744830131530761719e+01,1.715905761718750000e+01,1.891834831237792969e+01,1.958889579772949219e+01,1.735326194763183594e+01,1.678603935241699219e+01,1.315045261383056641e+01,1.057673263549804688e+01,1.133074474334716797e+01,1.074330711364746094e+01,1.437804031372070312e+01,1.657187271118164062e+01,1.723710441589355469e+01,1.395284080505371094e+01,1.372182846069335938e+01,1.705546188354492188e+01,1.597656536102294922e+01,1.358985328674316406e+01,1.642170333862304688e+01,1.504188442230224609e+01,1.797983932495117188e+01,1.927951812744140625e+01,2.186874008178710938e+01,2.341361045837402344e+01
1.516204261779785156e+01,1.708304595947265625e+01,1.583806896209716797e+01,1.868335723876953125e+01,1.880974960327148438e+01,2.081489562988281250e+01,1.783866882324218750e+01,1.503835487365722656e+01,1.255652618408203125e+01,9.512517929077148438e+00,6.444978713989257812e+00,3.798625230789184570e+00,0.000000000000000000e+00,3.771107435226440430e+00,6.466180801391601562e+00,1.010121822357177734e+01,1.005878067016601562e+01,8.183234214782714844e+00,5.818407535552978516e+00,5.277405738830566406e+00,5.848331928253173828e+00,6.742230892181396484e+00,9.764745712280273438e+00,1.059205245971679688e+01,1.360726261138916016e+01,1.654419326782226562e+01,1.861447906494140625e+01,1.680088615417480469e+01,1.794692420959472656e+01,1.563304710388183594e+01,1.210751342773437500e+01,1.261821269989013672e+01,1.072084331512451172e+01,1.277921867370605469e+01,1.477595138549804688e+01,1.307950973510742188e+01,1.461236190795898438e+01,1.416312980651855469e+01,1.685794830322265625e+01,1.922223091125488281e+01,2.118098640441894531e+01,2.048483085632324219e+01,2.268814277648925781e+01,2.370144653320312500e+01,2.297463798522949219e+01,2.389527702331542969e+01,2.213857841491699219e+01,2.376750755310058594e+01,2.272469902038574219e+01,2.476461791992187500e+01,2.648285675048828125e+01,2.682094764709472656e+01,2.486727523803710938e+01,2.274790382385253906e+01,2.270163154602050781e+01,1.949135208129882812e+01,1.896778678894042969e+01,1.815773582458496094e+01,1.628362655639648438e+01,1.705329895019531250e+01,1.595890331268310547e+01,1.259544086456298828e+01,1.049471092224121094e+01,6.839998722076416016e+00,5.286808013916015625e+00,4.614742279052734375e+00,6.004894256591796875e+00,7.743934631347656250e+00,9.005300521850585938e+00,9.452356338500976562e+00,1.060298156738281250e+01,1.262399768829345703e+01,1.375617504119873047e+01,1.462569618225097656e+01,1.250009155273437500e+01,1.465729713439941406e+01,1.455380058288574219e+01,1.686399459838867188e+01,1.821033287048339844e+01,1.634359550476074219e+01,1.661281013488769531e+01,1.314730548858642578e+01,9.830018997192382812e+00,1.052727317810058594e+01,9.415519714355468750e+00,1.295931053161621094e+01,1.518904209136962891e+01,1.506913566589355469e+01,1.174430179595947266e+01,1.248879718780517578e+01,1.562131500244140625e+01,1.406479072570800781e+01,1.237328529357910156e+01,1.570442771911621094e+01,1.489498043060302734e+01,1.821875000000000000e+01,1.999854469299316406e+01,2.292305755615234375e+01,2.494062805175781250e+01
1.797502708435058594e+01,2.029014587402343750e+01,1.937255477905273438e+01,2.235619544982910156e+01,2.257713508605957031e+01,2.454779243469238281e+01,2.151149368286132812e+01,1.870804977416992188e+01,1.632405853271484375e+01,1.319876289367675781e+01,1.012160968780517578e+01,6.938692569732666016e+00,3.771107435226440430e+00,0.000000000000000000e+00,3.778310775756835938e+00,6.966415882110595703e+00,6.423321247100830078e+00,5.409081459045410156e+00,4.593023777008056641e+00,6.253455638885498047e+00,8.590645790100097656e+00,9.951217651367187500e+00,1.324116611480712891e+01,1.408202934265136719e+01,1.682385253906250000e+01,1.964360809326171875e+01,2.157679367065429688e+01,1.933668136596679688e+01,2.000547409057617188e+01,1.723140907287597656e+01,1.366510868072509766e+01,1.396442031860351562e+01,1.167379570007324219e+01,1.347154045104980469e+01,1.453043937683105469e+01,1.199640178680419922e+01,1.259506988525390625e+01,1.189489078521728516e+01,1.409359645843505859e+01,1.672444534301757812e+01,1.917143630981445312e+01,1.910729789733886719e+01,2.180669403076171875e+01,2.326212882995605469e+01,2.312379837036132812e+01,2.456133842468261719e+01,2.334388732910156250e+01,2.544196891784667969e+01,2.485179519653320312e+01,2.719498443603515625e+01,2.864583969116210938e+01,2.859705352783203125e+01,2.627063179016113281e+01,2.374539375305175781e+01,2.311491203308105469e+01,1.966603088378906250e+01,1.848083877563476562e+01,1.769272994995117188e+01,1.524083709716796875e+01,1.602977561950683594e+01,1.463891601562500000e+01,1.100969505310058594e+01,8.636182785034179688e+00,5.802679061889648438e+00,5.025568008422851562e+00,6.847422599792480469e+00,8.535227775573730469e+00,8.682901382446289062e+00,9.905697822570800781e+00,9.164007186889648438e+00,1.056130790710449219e+01,1.190174865722656250e+01,1.349848270416259766e+01,1.450690364837646484e+01,1.252986526489257812e+01,1.492678928375244141e+01,1.452680778503417969e+01,1.718899154663085938e+01,1.903117370605468750e+01,1.785456848144531250e+01,1.854582405090332031e+01,1.546374130249023438e+01,1.202942276000976562e+01,1.317042064666748047e+01,1.204360389709472656e+01,1.532782840728759766e+01,1.746947669982910156e+01,1.658294677734375000e+01,1.330208015441894531e+01,1.482985687255859375e+01,1.751985740661621094e+01,1.531976985931396484e+01,1.409335899353027344e+01,1.774476814270019531e+01,1.758666992187500000e+01,2.113819503784179688e+01,2.324637985229492188e+01,2.618816375732421875e+01,2.828635978698730469e+01
2.079835128784179688e+01,2.291482734680175781e+01,2.191879272460937500e+01,2.476815414428710938e+01,2.465328216552734375e+01,2.679859352111816406e+01,2.373539733886718750e+01,2.057302665710449219e+01,1.836948204040527344e+01,1.538797855377197266e+01,1.278304004669189453e+01,1.006660366058349609e+01,6.466180801391601562e+00,3.778310775756835938e+00,0.000000000000000000e+00,3.817777872085571289e+00,5.341711044311523438e+00,5.334135532379150391e+00,6.651597499847412109e+00,7.782454490661621094e+00,1.049477005004882812e+01,1.112601661682128906e+01,1.438044071197509766e+01,1.521887493133544922e+01,1.729052162170410156e+01,1.999781227111816406e+01,2.149768638610839844e+01,1.873335266113281250e+01,1.895131492614746094e+01,1.573042392730712891e+01,1.225102424621582031e+01,1.230222988128662109e+01,1.005457496643066406e+01,1.197517776489257812e+01,1.238955783843994141e+01,9.645234107971191406e+00,9.674314498901367188e+00,8.330658912658691406e+00,1.051674842834472656e+01,1.300767898559570312e+01,1.539627742767333984e+01,1.542544078826904297e+01,1.827944183349609375e+01,1.994085502624511719e+01,2.014019775390625000e+01,2.193973731994628906e+01,2.118040275573730469e+01,2.368819046020507812e+01,2.361598968505859375e+01,2.632126045227050781e+01,2.755602264404296875e+01,2.703451919555664062e+01,2.435227012634277344e+01,2.157843589782714844e+01,2.046547508239746094e+01,1.686480522155761719e+01,1.523230838775634766e+01,1.442628955841064453e+01,1.176913452148437500e+01,1.282153606414794922e+01,1.177747821807861328e+01,7.990026950836181641e+00,6.550530910491943359e+00,4.853847503662109375e+00,6.594634532928466797e+00,8.895103454589843750e+00,1.155564594268798828e+01,1.161490821838378906e+01,1.183327770233154297e+01,9.991991996765136719e+00,1.022767925262451172e+01,1.031392288208007812e+01,1.138817310333251953e+01,1.189744186401367188e+01,9.848135948181152344e+00,1.223751163482666016e+01,1.179358768463134766e+01,1.481600952148437500e+01,1.721822547912597656e+01,1.657182502746582031e+01,1.797041702270507812e+01,1.535638427734375000e+01,1.179136753082275391e+01,1.299926853179931641e+01,1.198477935791015625e+01,1.483802604675292969e+01,1.711137390136718750e+01,1.559003925323486328e+01,1.282622528076171875e+01,1.520332908630371094e+01,1.766050529479980469e+01,1.543018817901611328e+01,1.512811756134033203e+01,1.882335853576660156e+01,1.885292625427246094e+01,2.239219474792480469e+01,2.457697486877441406e+01,2.778894042968750000e+01,3.023876190185546875e+01
2.451394653320312500e+01,2.671343994140625000e+01,2.571754264831542969e+01,2.852350234985351562e+01,2.829129409790039062e+01,3.032803726196289062e+01,2.714458084106445312e+01,2.392829322814941406e+01,2.196011543273925781e+01,1.885915184020996094e+01,1.639916038513183594e+01,1.348326110839843750e+01,1.010121822357177734e+01,6.966415882110595703e+00,3.817777872085571289e+00,0.000000000000000000e+00,3.801362276077270508e+00,5.415519714355468750e+00,8.481365203857421875e+00,1.019369029998779297e+01,1.345357036590576172e+01,1.434922504425048828e+01,1.771232795715332031e+01,1.878272056579589844e+01,2.057627677917480469e+01,2.327734756469726562e+01,2.446589279174804688e+01,2.143486022949218750e+01,2.140700912475585938e+01,1.789935111999511719e+01,1.459854698181152344e+01,1.413499736785888672e+01,1.165530967712402344e+01,1.287093639373779297e+01,1.211529445648193359e+01,8.743951797485351562e+00,7.325986385345458984e+00,5.733573913574218750e+00,7.243631839752197266e+00,1.027117633819580078e+01,1.317848777770996094e+01,1.395440769195556641e+01,1.726666641235351562e+01,1.921356582641601562e+01,2.013134193420410156e+01,2.233245849609375000e+01,2.220810890197753906e+01,2.505516052246093750e+01,2.539156341552734375e+01,2.826468658447265625e+01,2.910755157470703125e+01,2.822786331176757812e+01,2.526851654052734375e+01,2.213321304321289062e+01,2.046269798278808594e+01,1.686171913146972656e+01,1.464850139617919922e+01,1.422807884216308594e+01,1.130285072326660156e+01,1.274282741546630859e+01,1.194517230987548828e+01,8.330128669738769531e+00,7.768409729003906250e+00,7.819528102874755859e+00,9.965645790100097656e+00,1.264953613281250000e+01,1.521577167510986328e+01,1.488769245147705078e+01,1.511200237274169922e+01,1.277525424957275391e+01,1.283931827545166016e+01,1.200677871704101562e+01,1.292981624603271484e+01,1.303706932067871094e+01,1.108578586578369141e+01,1.304521656036376953e+01,1.203075313568115234e+01,1.500861644744873047e+01,1.771007728576660156e+01,1.787946319580078125e+01,1.956660652160644531e+01,1.751479530334472656e+01,1.421943759918212891e+01,1.584745025634765625e+01,1.519343090057373047e+01,1.778337097167968750e+01,2.010338783264160156e+01,1.817196083068847656e+01,1.580381107330322266e+01,1.856322288513183594e+01,2.076967239379882812e+01,1.838260078430175781e+01,1.847650146484375000e+01,2.219638633728027344e+01,2.244631004333496094e+01,2.599541282653808594e+01,2.822719955444335938e+01,3.149542808532714844e+01,3.401292419433593750e+01
